0.07562156021595001
0.1956268697977066
0.09923893213272095
0.10865780711174011
0.13770358264446259
0.10783673077821732
0.09229085594415665
0.09285220503807068
0.08881232142448425
0.08672403544187546
0.08510709553956985
0.08736994117498398
0.08757186681032181
0.08282426744699478
0.083257295191288
0.0833534374833107
0.0820678323507309
0.08072009682655334
0.08061910420656204
0.08049526065587997
0.08007881790399551
0.07944683730602264
0.07891378551721573
0.078574039041996
0.07841618359088898
0.07791700959205627
0.07752549648284912
0.07755862921476364
0.07711493223905563
0.07682261615991592
0.0768546536564827
0.07702410221099854
0.076757051050663
0.07638908922672272
0.0764617845416069
0.07635831087827682
0.07606878131628036
0.07619393616914749
0.07630542665719986
0.07600822299718857
0.07590434700250626
0.07603397965431213
0.07590966671705246
0.07574260234832764
0.07579870522022247
0.07570936530828476
0.07552596181631088
0.07544902712106705
0.07523131370544434
0.07499217242002487
0.07471463084220886
0.07481373101472855
0.07760251313447952
0.07617265731096268
0.07642059773206711
0.07671373337507248
0.07629604637622833
0.07622861117124557
0.07628010958433151
0.07628300786018372
0.07619834691286087
0.0760137140750885
0.07593418657779694
0.07594998925924301
0.07606454938650131
0.07595933228731155
0.07582875341176987
0.07589089125394821
0.07595081627368927
0.07581598311662674
0.07569720596075058
0.07579455524682999
0.07583501935005188
0.07581289857625961
0.0757511630654335
0.07572413980960846
0.07571877539157867
0.07571643590927124
0.0757284089922905
0.0756940096616745
0.07569470256567001
0.07570386677980423
0.07569267600774765
0.07565971463918686
0.07564743608236313
0.07567139714956284
0.07566171139478683
0.07564008980989456
0.0756429135799408
0.07563474029302597
0.07562858611345291
0.07562421262264252
0.07561296969652176
0.07561392337083817
0.0756194069981575
0.07560428231954575
