0.07562168687582016
0.2743637263774872
0.12954625487327576
0.11027169227600098
0.13046549260616302
0.11637648195028305
0.09896711260080338
0.09659913182258606
0.09521937370300293
0.09109529852867126
0.08832880854606628
0.08675245195627213
0.08654680848121643
0.08490697294473648
0.08393329381942749
0.08292721956968307
0.08284556120634079
0.08121441304683685
0.08102896809577942
0.08033905923366547
0.08036526292562485
0.0798623114824295
0.0795862227678299
0.07895290851593018
0.0790802463889122
0.07896032184362411
0.07814987003803253
0.07788702100515366
0.07770548015832901
0.07732951641082764
0.07718580216169357
0.07717126607894897
0.07695174217224121
0.07674228399991989
0.07654538750648499
0.07640215009450912
0.07626983523368835
0.07615058124065399
0.07619874179363251
0.07613153755664825
0.07598863542079926
0.07595373690128326
0.07593917846679688
0.07592007517814636
0.07587555050849915
0.07589535415172577
0.07581079751253128
0.07573971897363663
0.07578083127737045
0.07580669224262238
0.0757659450173378
0.07572080940008163
0.07569365203380585
0.0757175087928772
0.07573854923248291
0.07570241391658783
0.07566622644662857
0.07567691802978516
0.07568921893835068
0.07577147334814072
0.07589997351169586
0.07618826627731323
0.0768105536699295
0.07704515010118484
0.07645054161548615
0.07542967051267624
0.075411856174469
0.07585976272821426
0.07535924762487411
0.07505130022764206
0.0757313072681427
0.07783225178718567
0.07522398978471756
0.07646387070417404
0.07633990049362183
